0.09717
0.08374
0.079711
0.07896
0.089022
0.087729
0.093051
0.078763
0.077517
0.095604
0.098963
0.084392
0.091834
0.084929
0.094694
0.081519
0.099861
0.101084
0.087109
0.081573
0.104825
0.096512
0.083913
0.082138
0.100433
0.083119
0.082408
0.090558
0.095816
0.082509
0.080628
0.082717
0.085052
0.080489
0.089196
0.084676
0.080037
0.083104
0.076911
0.080924
0.077796
0.076547
0.086095
0.07651
0.075286
0.095334
0.091634
0.087167
0.079767
0.090363
0.097918
0.08768
0.076858
0.084862
0.088162
0.074267
0.083393
0.080471
0.082654
0.082334
0.081952
0.083528
0.079813
0.07858
0.085659
0.081171
0.087648
0.080996
0.10395
0.091855
0.079721
0.081757
0.076704
0.088547
0.08793
0.095648
0.097361
0.07999
0.086196
0.083709
0.076884
0.085689
0.085557
0.089934
0.092928
0.085708
0.096815
0.101485
0.078229
0.091961
0.085407
0.101519
0.092013
0.096813
